0  _  186  -1  -1  49
1  A  64  -1  -1  44
2  B  13  -1  -1  32
3  C  22  -1  -1  36
4  D  32  -1  -1  38
5  E  103  -1  -1  47
6  F  21  -1  -1  35
7  G  15  -1  -1  32
8  H  47  -1  -1  40
9  I  57  -1  -1  42
10  J  1  -1  -1  27
11  K  5  -1  -1  30
12  L  32  -1  -1  38
13  M  20  -1  -1  35
14  N  57  -1  -1  42
15  O  63  -1  -1  43
16  P  15  -1  -1  33
17  Q  1  -1  -1  27
18  R  48  -1  -1  41
19  S  51  -1  -1  41
20  T  80  -1  -1  45
21  U  23  -1  -1  36
22  V  8  -1  -1  31
23  W  18  -1  -1  34
24  X  1  -1  -1  28
25  Y  16  -1  -1  33
27  2  10  17  29
28  2  24  26  29
29  4  27  28  30
30  9  29  11  31
31  17  22  30  34
32  28  2  7  37
33  31  16  25  37
34  35  31  23  39
35  41  13  6  39
36  45  3  21  40
37  59  32  33  43
38  64  4  12  44
39  76  34  35  45
40  92  36  8  46
41  99  18  19  46
42  114  9  14  47
43  122  37  15  48
44  128  1  38  48
45  156  39  20  49
46  191  40  41  50
47  217  5  42  50
48  250  43  44  51
49  342  45  0  51
50  408  46  47  52
51  592  48  49  52
52  1000  50  51  -1
_  111
A  1010
B  100000
C  00000
D  10110
E  010
F  110011
G  100001
H  0001
I  0110
J  1100001000
K  11000011
L  10111
M  110010
N  0111
O  1001
P  100010
Q  1100001001
R  0010
S  0011
T  1101
U  00001
V  1100000
W  110001
X  1100001010
Y  100011
Z  1100001011
